2024302121213
星期日#1 2#高级语言程序设计A#11#3区1-328
星期日#1 2 3 4#高级语言程序设计A#7 8 9 10 12 13#计算机学院B303
星期日#6 7#高级语言程序设计A#11#3区1-328
星期一#1 2#高级语言程序设计A#2 3 4 5 6 7 8 9 10 11 13#3区1-328
星期一#3 4#大学生心理健康#1 2 3 4 5 6 7 8 9 10 11#3区1-402
星期一#6 7#高等数学A2#1 2 3 4 5 6 7 8 9 10 11 13 14 15 16#3区1-328
星期二#3 4 5#大学交际英语4#1#3区1-218
星期二#3 4 5#大学交际英语4#2 3 4 5 6 7 8 9 10 11 12 13 14 15 16#3区1-507
星期二#6 7#大学物理B（上）#1 2 3 4 5 6 7 8 9 10 11 12 13 14#3区1-401
星期二#6 7 8#大思政实践课#15 16#3区2-101
星期二#11 12 13#音乐欣赏#1 2 3 4 5 6 7 8 9 10 11#4区02201
星期三#1 2#高等数学A2#1 2 3 4 5 6 7 8 9 10 11 12 13 14 15 16#3区1-328
星期三#3 5#马克思主义基本原理#1 2 3 4 5 6 7 8 9 10 11 12 13 14#1区5-205
星期三#6 7#素质体育2#1 2 3 4 5 6 7 8 9 10 11 12 13 14 15 16#竹园操场
星期三#8 9#高级语言程序设计A#2 3 4 5 6 7 8 9 10 11 12 13#3区1-328
星期三#11 12 13#中国现近代史纲要#1 2 3 4 5 6 7 8 9 10 11 12 13 14#4区01101
星期四#1 2#大学物理B（上）#1 2 3 4 5 6 7 8 9 10 11 12 13 14#3区1-401
星期四#3 4 5#数据结构A#1 2 3 4 5 6 7 8 9 10 11 12 13 14 15 16#3区1-327
星期四#6 7 8#形势与政策2#12 13#3区2-101
星期四#11 12#自然科学导引#1 2 3 4 5 6 7 8 9 10 11 12 13 14 15 16#3区1-427
星期五#3 4#高等数学A2#1 2 3 4 5 6 7 8 9 10 11 13 14 15 16#3区1-328
星期五#6 7 8#数字逻辑与数字电路#1 2 3 4 5 6 7 8 9 10 11 13 14 15 16#3区1-401
星期六####
1
星期日#1 2#高级语言程序设计A#11#3区1-328
星期日#1 2 3 4#高级语言程序设计A#7 8 9 10 12 13#计算机学院B303
星期日#6 7#高级语言程序设计A#11#3区1-328
星期一#1 2#高级语言程序设计A#2 3 4 5 6 7 8 9 10 11 13#3区1-328
星期一#3 4#大学生心理健康#1 2 3 4 5 6 7 8 9 10 11#3区1-402
星期一#6 7#高等数学A2#1 2 3 4 5 6 7 8 9 10 11 13 14 15 16#3区1-328
星期二#3 4 5#大学交际英语4#1#3区1-218
星期二#3 4 5#大学交际英语4#2 3 4 5 6 7 8 9 10 11 12 13 14 15 16#3区1-507
星期三#1 2#高等数学A2#1 2 3 4 5 6 7 8 9 10 11 12 13 14 15 16#3区1-328
星期四#1 2#大学物理B（上）#1 2 3 4 5 6 7 8 9 10 11 12 13 14#3区1-401
星期五#3 4#高等数学A2#1 2 3 4 5 6 7 8 9 10 11 13 14 15 16#3区1-328
星期六####


